initial: 6
0.76645 0.00000 0.02787 0.20568 0.00000 0.00000

transition: 6
0.19595 0.07405 0.52920 0.00367 0.19713 0.00000
0.21291 0.20681 0.55970 0.00000 0.00000 0.02058
0.00000 0.51545 0.11784 0.36012 0.00000 0.00659
0.00000 0.17572 0.00000 0.48727 0.33412 0.00290
0.00000 0.39578 0.00000 0.11058 0.00000 0.49363
0.05080 0.31198 0.00000 0.00000 0.00000 0.63722

observation: 6
0.66982 0.49888 0.30793 0.15226 0.10509 0.07797
0.03760 0.01245 0.39579 0.11970 0.07903 0.13005
0.28088 0.01579 0.19770 0.19750 0.27678 0.23517
0.01170 0.47288 0.09858 0.00001 0.31928 0.22743
0.00000 0.00000 0.00000 0.53053 0.21982 0.05920
0.00000 0.00000 0.00000 0.00000 0.00000 0.27017
