initial: 6
0.92360 0.00000 0.01241 0.06398 0.00000 0.00000

transition: 6
0.16416 0.08942 0.37919 0.03539 0.33183 0.00000
0.00000 0.17534 0.81807 0.00149 0.00000 0.00510
0.00000 0.48414 0.14064 0.37523 0.00000 0.00000
0.00000 0.17302 0.00000 0.48277 0.34421 0.00000
0.00000 0.33797 0.00000 0.15736 0.00000 0.50466
0.00172 0.36429 0.00000 0.00000 0.00000 0.63399

observation: 6
0.75696 0.50645 0.32265 0.14010 0.12062 0.10496
0.05599 0.01159 0.40153 0.11406 0.08007 0.12878
0.17599 0.01041 0.16047 0.72328 0.47780 0.25685
0.01105 0.47156 0.11535 0.02256 0.27499 0.22803
0.00000 0.00000 0.00000 0.00000 0.04652 0.04229
0.00000 0.00000 0.00000 0.00000 0.00000 0.23910
