initial: 6
0.44886 0.55114 0.00000 0.00000 0.00000 0.00000

transition: 6
0.19072 0.44829 0.04687 0.30212 0.00727 0.00473
0.00000 0.45604 0.28233 0.00000 0.02091 0.24072
0.00000 0.01028 0.20028 0.76117 0.02827 0.00000
0.00003 0.07797 0.00433 0.22186 0.54575 0.15006
0.00000 0.00000 0.00000 0.00000 0.45386 0.54614
0.84505 0.00000 0.01659 0.13837 0.00000 0.00000

observation: 6
0.00085 0.26270 0.04276 0.09177 0.31242 0.10579
0.07950 0.36267 0.02839 0.09839 0.00415 0.10622
0.42519 0.22168 0.37124 0.30454 0.30877 0.00000
0.49445 0.15295 0.37019 0.41815 0.00000 0.00000
0.00000 0.00000 0.18742 0.08715 0.00557 0.78798
0.00000 0.00000 0.00000 0.00000 0.36908 0.00000
