initial: 6
0.00000 0.09892 0.03639 0.16992 0.69477 0.00000

transition: 6
0.16572 0.37640 0.43550 0.00000 0.00000 0.02238
0.17013 0.16630 0.49646 0.08111 0.08600 0.00000
0.55075 0.00000 0.04551 0.39762 0.00000 0.00613
0.18437 0.00000 0.00000 0.50825 0.29833 0.00904
0.42077 0.00000 0.00000 0.06827 0.00000 0.51096
0.31165 0.04368 0.00000 0.00000 0.00000 0.64467

observation: 6
0.49714 0.55422 0.29155 0.15584 0.11631 0.06740
0.00843 0.13200 0.40765 0.11786 0.09118 0.12087
0.02455 0.20413 0.20443 0.20061 0.27749 0.23674
0.46988 0.10965 0.09637 0.00000 0.33919 0.21559
0.00000 0.00000 0.00000 0.52568 0.17584 0.06003
0.00000 0.00000 0.00000 0.00000 0.00000 0.29937
